.Random.seed <-
c(403L, 10L, -274930627L, -616888649L, -733665954L, -836178792L, 
-1470810117L, -1451131495L, -1162379736L, 1955694294L, 650171217L, 
1161164291L, 1608890770L, 1571637028L, -677664281L, 1936066109L, 
-1315688268L, 2072487706L, 658443365L, -367524609L, 1811637638L, 
-987096304L, -484483149L, -460626863L, 534480896L, 720804062L, 
1590481705L, -1618391333L, -108601878L, -1403607668L, 1390738127L, 
-1211513211L, -802134724L, -1785124846L, -1713666291L, -1640340409L, 
10044974L, -285364344L, -1367283061L, -1648526231L, 462151736L, 
1117956326L, -1967370111L, 1198090259L, 454229954L, 447154292L, 
-272769417L, 1731641197L, -212451324L, 1216068394L, -852615019L, 
1148264239L, -832920010L, -2123070880L, 1078427811L, -64941119L, 
-1525915728L, 1493576398L, 336533561L, -1177838005L, -1674107910L, 
625135356L, -594345153L, -891270123L, 9545516L, 1849625602L, 
1482534621L, 2009136599L, -373892930L, 1701055224L, -749694757L, 
383488825L, -860105080L, 571056694L, 907246193L, 872480931L, 
-1417426446L, -1574721212L, -1045626361L, 1159892957L, 326424788L, 
-734746630L, -589275323L, -1855976545L, 924172582L, 2091725232L, 
-1019712941L, 232314225L, 236631200L, -2073324482L, 1555422025L, 
428542459L, 666136010L, 1612882732L, 1681148719L, -1846406683L, 
-1315955556L, 1710962930L, 1959424365L, 801259175L, -38244146L, 
-1669325272L, 2138400299L, 849898569L, -751588008L, -648375290L, 
-621718047L, -1265451149L, -1854104606L, -755256492L, -1355489705L, 
207521357L, 1478031844L, -717663286L, 135812661L, 1168997519L, 
1657951638L, 1485138240L, 1315202051L, 1857656353L, 1769799952L, 
1233186542L, -524479847L, 1231383339L, 1916384794L, -211297060L, 
-1892593441L, -146702667L, 312506444L, 96404642L, 1026561021L, 
-131903241L, 715716126L, -1312454440L, 73792571L, -1058830887L, 
-1625382040L, 1566264982L, -2088441839L, -1430009405L, -1151765038L, 
1106263140L, 1641860007L, -1372134147L, 1701806324L, 762574810L, 
998845221L, 351877695L, 1451360710L, -300927408L, 1702038131L, 
-1081938287L, 1266939584L, -1744772962L, -76182423L, 758749339L, 
-1596745302L, -1259306548L, 1505815695L, -110631739L, 181920892L, 
1426938066L, 721123405L, -388648697L, -204143378L, -1060590136L, 
1456509643L, -375366871L, -709592200L, -1726316378L, 1393916609L, 
1379920723L, 238295042L, -1082903244L, -711803209L, 1912464045L, 
1977136068L, 938728426L, -1441012651L, 1702410735L, -420732426L, 
755300128L, -1268012829L, 405994881L, -1622680592L, 1793409678L, 
1732163065L, -598415477L, -1848937542L, 43649724L, 1413267967L, 
2131152725L, 21301356L, 1636564162L, 705042205L, 1715228055L, 
-1734415106L, 676804280L, -1305229157L, -1735334151L, -1502107576L, 
952212342L, -1760379215L, 487780067L, -96551502L, -1205033468L, 
-746513081L, -1515333603L, 1304854164L, 865809978L, -1504126843L, 
432033119L, -1506695706L, 1677057136L, 1882652563L, -2017863631L, 
-1116924192L, 627695486L, 578409993L, 1960869435L, -61284342L, 
-1063206932L, 140620911L, 664472485L, -1956402340L, 1748219698L, 
-1282800083L, -55440153L, 844176910L, 690652500L, -1257130734L, 
1539025312L, -1368017204L, 1945509472L, -621294654L, 269642536L, 
768093100L, -1211007172L, 1517714802L, -2072940752L, 860009764L, 
2046677816L, 2124173018L, 1486592912L, 362744572L, -1505078380L, 
-1691066302L, -191590144L, -425075652L, 1389909328L, -1853697886L, 
-1388706488L, 361241356L, -820552996L, -608231086L, 843327616L, 
-76600236L, -2063133720L, -137827078L, 1940827984L, -1661470932L, 
244309364L, -1128087662L, -1713951648L, -1030077044L, 932496224L, 
-27286046L, -641985624L, 163698892L, 147330044L, 1215934898L, 
-952746512L, 66887620L, 973670744L, 186666362L, 10287024L, 1464884668L, 
1129698388L, 1636861890L, 873097248L, -1973174084L, -1951496624L, 
-150292510L, 1903155304L, 2125191244L, -1021680388L, -459286542L, 
1221197056L, 1162958196L, 263897096L, -915057734L, -919841328L, 
966414316L, -689085036L, 1868095954L, 931256672L, 530275148L, 
219590944L, 2125858690L, 1354497768L, 845818092L, -1752790980L, 
551763826L, 78696048L, -816006108L, 547114808L, 1930935450L, 
-989347120L, -861613892L, 1022164628L, -1085411710L, -631078720L, 
104900412L, 1296199824L, 1313537570L, -1535054840L, -293458676L, 
-1317028708L, 578236946L, -313322624L, 322512404L, -449216984L, 
-605897414L, 2107141584L, 955791468L, -1899018956L, 701909650L, 
952926048L, -1181774004L, -1354737696L, 1951042466L, 996064168L, 
-950048372L, 365948092L, -1513029262L, 160569584L, -79833020L, 
1147135320L, 1073711674L, -1828696208L, -1739912132L, -1568885996L, 
28325314L, -1432125728L, 511159164L, -250461488L, 2041633954L, 
-2050367448L, 542980364L, 1540094908L, 1793010994L, -1125948992L, 
-623207884L, 103444424L, -1694585670L, -1174654576L, 302715372L, 
-1851742636L, -799361902L, -1925561568L, -935255604L, -1450695200L, 
-1410509118L, 144996392L, 1655539372L, 328143036L, -2147312142L, 
1453360L, 57517220L, -1990104392L, -7300774L, -1472452208L, 1804490620L, 
-127301356L, 1933770562L, -798241024L, -687672388L, -1837448368L, 
-1679823070L, -1949813432L, -2093568500L, 2037475420L, 1931735250L, 
1667309056L, -1483447980L, -955265560L, -678859782L, -766329648L, 
1323948332L, -1050659084L, -368976494L, 1357787232L, -1115540212L, 
-1197839648L, -820179614L, 905323176L, -1896125876L, -908249732L, 
1608050994L, -935297936L, -1660638396L, 640713176L, 1382835322L, 
-1964448208L, 330162876L, 1386222420L, 980279362L, 1823934880L, 
2084394684L, 882134480L, 1751887202L, 1472931816L, 561668044L, 
-1105280260L, -1493416462L, 587267200L, 937711860L, -542508408L, 
1290677050L, -775276720L, 1917565548L, -1473001324L, 940327250L, 
678651616L, 52057804L, 1349212320L, -1456826494L, 83101416L, 
632487660L, 1496391740L, 810690162L, 748090480L, -1853367772L, 
1162455096L, -2029785062L, -1857313072L, 693836860L, 660184212L, 
1878411394L, 1381171136L, 648448316L, -43882864L, -495722462L, 
1539274760L, 2024643724L, -352398308L, 974162578L, 223989888L, 
-1948965868L, -747079384L, 794942010L, 762770640L, 1463866476L, 
1683156660L, -1255487470L, -1659729952L, 492012912L, 1175713049L, 
845778187L, 2058489340L, 1839277610L, 1912778335L, 1363725801L, 
-1575956738L, -647278868L, -1844462019L, -365359609L, -195649040L, 
213033358L, -1950554181L, 665997725L, -1320038582L, -419318936L, 
1192699217L, -504420797L, 201476932L, 411670514L, 611808711L, 
-1689953391L, -165129450L, -912136332L, 1730737669L, 1379171919L, 
659200584L, -265368602L, 1682498835L, 1773419125L, 335415378L, 
1899408032L, 262453129L, -888716357L, 1306543116L, 162374042L, 
128180495L, -1854107815L, -1209040402L, 1992338556L, -1890854675L, 
-862318697L, -1825654688L, 1865488958L, -127841525L, 291525005L, 
-1347953990L, 1683656952L, -1426420063L, 36939347L, 2035439988L, 
-732094718L, 1613690775L, 1672493409L, -81870426L, -1917332572L, 
2002005589L, 442273535L, -255249512L, 1857381558L, 2044686659L, 
-1544738683L, -315535070L, -1088970224L, -685299271L, 553683563L, 
-280894116L, 1003705482L, -378389377L, 390419913L, -1415434658L, 
-1920619252L, -1686914851L, 580212199L, 1187991056L, 289030958L, 
-1766471717L, -1984079683L, 270422570L, 845512392L, 2042178545L, 
-1095565981L, -1850673820L, 1310177426L, -644280985L, -283207887L, 
1659440246L, -239520364L, -2021219931L, -253412689L, -1105933464L, 
-529942714L, 1739845363L, 1627459669L, -834745294L, -924341760L, 
-1023423767L, 1014804827L, 718150572L, -1192716358L, -385703569L, 
1929276153L, 1877894030L, 786075228L, 1977367757L, 110265399L, 
1242549952L, 1402648990L, -848272789L, -2140149267L, 590927962L, 
-405133544L, -1756517247L, -1901544909L, -62830508L, -1640625054L, 
-964926729L, -879833791L, -1058849850L, 732350724L, -1234474827L, 
-620947553L, 185907192L, 2083727830L, 1461497955L, -279796699L, 
-1776372798L, -1936766800L, 875947225L, -569335221L, 2038063292L, 
-284829974L, 451462943L, 1452767145L, -309804738L, 1545889836L, 
1626666621L, 2107578567L, -286141008L, -1549570098L, 998470907L, 
-132390051L, -1922029430L, -1472465240L, -1476224495L, -857969917L, 
